      NOS2 NR2F2 GAS1 NR2F1 SULF1 SCUBE2 OTX1 DRD4 NRIP3 WNT2B BCL6 MAMDC2  BOC WNT5B CRB2 MAP2 DLL1 ZFHX4
iPS   1052   264 1091   197  3114   1030  775 1066  2366   737 2195   4662 2493   804 1756 4881  753   795
iPS.1  918   556  897    79  2793    500  921 1234  2847  1036 2131   4529 3151   567 1894 4578  734   744
iPS.2 2596  2540 1834  1180  6192    889  661 2447  2814   735 2602   5758 4711   491 2170 3276  819   577
iPS.3 1549   443 1393   614  4785   1189  585 3064  2472   469 1923   4460 3119   632 1810 3171 1283  1047
iPS.4  711   548 1441   454  2703    561  891 2295  2811   526 1571   2902 2909   567 1646 3924  703   631
iPS.5 1058   656 1821   628  5217    695  947 1543  2555   522 2182   2329 5189   601 2169 3633 1265   757
      TFPI NCALD SDK2 ZNF503 ARL4C ENPP2 CD82 NLRP1 EPHA7 GPR162  CA4 GUCY1B3 PRTG SCUBE3 CDON SMOC1 HES5
iPS   2267  1709 2072    217  4367  2151 4172  3974  1535   4336 1843    1166 2015    782 5832  1508   75
iPS.1 2580  1617 1871     79  4495  2300 3364  4431  1550   3125 1794    1728 1686    713 5027  1499   79
iPS.2 5011  1333 2029    344  5754  2528 6195  5178  1669   6335 1257     839 2456    691 4897  1031  487
iPS.3 3123  3908 1994    184  5048  1846 6116  5393  1535   6588 1611     868 1357    588 4741   885  149
iPS.4  927  1559 1916    283  4940  1741 3895  3764  1638   3658 1841    1575 1376    638 5086  2155  239
iPS.5 1109  1775 3193    383  4421  1403 5046  4032  1706   3127 1088    1369 2494    690 5282   902  501
      ACTA2 CD48  CDA  NTS PPP2R2C DTWD2 COX7A1 EOMES PACSIN1  DKK4 TFPI2 LEFTY1 NODAL KITLG CAV1   GNAL
iPS    3138  185 1824 6075    3004  3009   6116   629    3048 323.0  5830   4060  3995  3912 7664 5544.0
iPS.1  4212  391 1267 5281    2568  2948    404   790    2659 374.0  5732   4218  4419  3260 6627 5658.5
iPS.2  3201  238 3014 5057    1705  3480   6541   665    2549 143.0  8008   5704  4734  4317 7108 5862.0
iPS.3  1983  315 4910 5636    1765  3243   2454   812    2957 298.0  5171   6219  5568  3287 4075 5925.0
iPS.4  4096  300 3563 5304    2056  2877   1448   296    2626  49.5  5792   1146  1382  4112 3882 4737.0
iPS.5  2684  172 3565 3405    2781  1842   2263   681    2902 307.0  5121   1250  1763  2447 2186 5762.0
       RET GABRB2 CALB1 GNA14 CD1D ACHE SAMD3 CYP26A1 ZSWIM4 DKK1 PDK1   GNB4 SP5 PPP1R3B FGF13 GAD1
iPS   2091    303  6244  3226  490 1012  1690    1911   5174  889 5224 5870.5 582    7110  7905 1029
iPS.1 2207    346  6273  2632  618 1586  2298    1238   6565  523 4214 5413.0 739    6719  7950  569
iPS.2 3531    353  7497  3539  582  997  3083    2674   5726 1366 4157 5455.0 591    8253  8014  953
iPS.3 3380    376  6589  4092  671 1112  1120    4094   6252  587 4999 5592.0 827    7952  7765  388
iPS.4 2485    276  5256  1371  838 1209  1245    1810   5625  730 8617 5840.0 344    7458  7986 1100
iPS.5 3305    332  4604  2458  770 1009  1080    4375   6006  783 5679 5677.0 277    7834  7618  483
      WBSCR17 STIL L1CAM SLC16A5 SERPINB9 PLSCR4 SOX17 DAB1 NLRP2 LARGE  MT1H  MT1F  MT1E   IRX2  PEG3
iPS      6707 7232  7125    4061     7039   1033    75 5064 12299  9357 11402  9090 10082 8340.0  75.0
iPS.1    6616 6852  6016    3931     6961   1175   310 3690 12244 10064 11123  8891 10861 8270.0  79.0
iPS.2    6458 7010  4593    6029    10788   1664   642 2057  9045  8799 10752  8164 11139 9357.0 237.0
iPS.3    7143 6173  5567    5463    10790   1008   774 2162  2150   526 11053  8964 11323 9093.5  32.5
iPS.4    6311 6654  6287    3363     7694    784   170 2967 12114  6458 12606 11403 12615 8935.0 442.0
iPS.5    7344 5829  6066    5903     7846    764   569 2166 12222  9805 11988 10543 12154 9351.0  57.5
      FAM65B FAM19A5 FAAH  GSTM1 SORBS2 PLA2G2A    TFRC MYH14 HLA-DQB1 KLK8 DIAPH2 GALNT3  MT1G FBXL16
iPS     7385    5524 4959 3917.0   6709     511 11892.0  4374     5730 2499   5604   4803 12187   5037
iPS.1   8419    5790 4758 2651.0   7284     888 11595.0  4284     4705 3818   5376   4830 12197   5387
iPS.2   5807    7916 4303 4329.0   5074    2443    49.5  5336      914 4596   5510   6233 12048   1877
iPS.3   5098    7547 5400 3806.0   5690    2282 11231.0  4373     1842 2516   4978   6034 12410   4930
iPS.4   6219    4258 3328  446.0   9886    2654    49.5  5215     6218 4501   7131   7078 12815   8108
iPS.5   4962    5863 3882   57.5   8807    3511 11012.0  6113     8250 7611   5573   6990 12676   3909
      MLH3  TRNT1 SLC15A4  PKIB RIMKLA FGF11 LRP11 PIGA KHDRBS3  PDE6G CUZD1 RAD50  C1R DCLRE1C MT1M LDHD
iPS   5399 7420.0  7470.0 10518   3714  4861  5605 6269   10930 3178.0  7151  9066 5743    6953  680 1812
iPS.1 4153 8118.0  7671.0 10433   2657  3753  5453 8091   10675 4014.0  6171  8839 7002    3628 1814 1457
iPS.2 5355 6931.5  7184.0 10340   3371  4126  5626 7520    9564 4050.0  7014  8352 5555    1782  841 2716
iPS.3 4644 7233.0  7408.0  3650   3410  4818  5222 8826    9454 3777.0  7500  8237 6874    3542 1289 3286
iPS.4 5579 8094.0  6065.0 11789   4748  6135  5502 5720    9403 3514.5  4050  9167 4965    5285 4497 2326
iPS.5 6074 7705.0  6912.5 11259   4703  6488  6057 2457    8887 3300.0  5694  8134 4863    2243 2416 3087
      HTR7 HPDL PRICKLE1 LRRC61 FOXO4 PALB2 TNFRSF11A MCCC2 B3GNT7   BEX5 KLHL18 SPIB HAS3 ZNF814 CTSF
iPS   7318 8402     8520   8499  8385  6903      2610 10277   5881 5112.0   6108 5058 7789   8691 8322
iPS.1 7105 8741     8509   8575  8194  8171      3401 10011   6056 5074.0   7220 6326 8459   8248 7634
iPS.2 8136 9030     8686   8634  7968  8649      3753  9887   8268 4639.0   7697 5826 7209   8695 8251
iPS.3 8404 8192     9692   8870  9077  7027      3872  9610   8987 6234.0   6817 6628 6956   8922 6687
iPS.4 7665 8651     8231   8636  8273  8296      3115 10167   9002 5835.5   6292 5018 9368   8783 5880
iPS.5 6648 7812     8480   9229  5933  5329      1779 10267  10444 5395.0   5697 5064 8435   9849 3344
      UNC13D ATAD3B PRRX2 RYR1 FAM101B  ADCY5 FAM109B TRIM54 PIWIL2 IGSF1 LTB4R2 C6orf132 PSMD5 ZSCAN2
iPS     5274   7177  2006 5546    9251 6322.5    3695   1669   3751  7080   1547     8686  9958   7524
iPS.1   6039   6631  3313 4190    9414 5754.0    3826   2878   3530  8307   3187     8558 10071   7274
iPS.2   2114   8197  4723 4828    7034 7020.0    3964   2729   4379  7204   4261     8601 10655   7509
iPS.3   7679   7920  4809 5136    7208 7158.0    3947   2931   2114  7306   4329     8408 10706   7939
iPS.4   5008   7118  1438 5209    5424 5121.0    2964   2405   3832  8355   1788     8315 10203   8382
iPS.5   2161   7450  4662 5955    5550 6208.0    3223   1398   3585  9122   1216     8321  8557   8002
      MEGF10 FAM101A FRAT2 NAAA RAB42 S100A14 CST1 APOA1 MYL4 HNF4A   C5 TMEM100 TBX3  F10 EPSTI1 VIL1
iPS     8226    2817  9206 4956  4416    1392 1463   622  444 272.0  332     602  245 1382    830 5731
iPS.1   8487    2361  8863 4346  4797    2209 1392   527 1121  79.0  241     487  256 1058   1163 6776
iPS.2   8648    3541 10199 5163  4831    1529 4530  1707  538 140.0 1565     486  221  951    753 5727
iPS.3   8365    3678  9978 6743  4566    2245 2129  1252 1235 211.0  381     641  225 1500    911 4939
iPS.4   6873    3170  9687 4963  4756     876  873   668 1361  49.5  574     682  251 1081    790 4580
iPS.5   7798    3884  9223 5552  3531    1737  753   650  579  57.5  347     470  164 1368    852 4564
       LUM  CST2 CDKN2B SLC5A9 DGAT2 TMEM27 PDZK1 HLX   FGA PROS1 RNASE1 GATA3 FRZB SLCO2A1 ALPK2 TTR TLE2
iPS    681 499.0    389    486  2223    955   422 187 223.0  1621    765    75 2181     617   485  75 4522
iPS.1   79 415.0   1154    426  3173    919   613  79  79.0  1236    528   243 1986    4670   545  79 4648
iPS.2  695 700.0   1682    382  2665   1015   682 734  49.5  2601   1071   777 1816     539   429 438 3903
iPS.3 1145 217.0    242    601  1786    862   683 555 192.0  1684    889   455 1933    1035   520 352 3496
iPS.4  823  49.5    542    265  1542   1535   367 644  49.5  1874    533   225 1218     614   294 502 2763
iPS.5 2011  57.5    413    463  2730   1604   167 535 309.0  1462    567   615 1515    1191   529 867 2966
      TMC4 GPRC5C BMPER  ANG FOXA1 TMEM56 SPSB1 DDIT3 classes
iPS   1567   4777  1022 4669 246.0    721  2233  2642     iPS
iPS.1 2468   5696   547 2824 277.0    689  1410  2240     iPS
iPS.2 2503   7270  1362 2682 170.0   2311  3193  2509     iPS
iPS.3 2911   7479   330 2854 320.0   1386  2677  2654     iPS
iPS.4 2852   6579   727 2342 272.0   1521  1764  3377     iPS
iPS.5 4751   7003   454 2859  57.5   2104  2225  2352     iPS
