      ENSG00000007171.12 ENSG00000125492.5 ENSG00000185551.8 ENSG00000153266.8 ENSG00000135903.14
iPS                 1052               219               264             348.0                429
iPS.1                918               204               556              79.0                616
iPS.2               2596               198              2540             459.0                543
iPS.3               1549               157               443             333.0                439
iPS.4                711               142               548              49.5                308
iPS.5               1058               266               656             440.0                429
      ENSG00000180447.5 ENSG00000175745.7 ENSG00000141449.9 ENSG00000081479.8 ENSG00000137573.9
iPS                1091               197              1218              1516              3114
iPS.1               897                79               747              1271              2793
iPS.2              1834              1180              1560              1434              6192
iPS.3              1393               614               622              1256              4785
iPS.4              1441               454               483               901              2703
iPS.5              1821               628              1603               768              5217
      ENSG00000175356.8 ENSG00000115507.5 ENSG00000069696.6 ENSG00000175352.6 ENSG00000134245.12
iPS                1030               775              1066              2366                737
iPS.1               500               921              1234              2847               1036
iPS.2               889               661              2447              2814                735
iPS.3              1189               585              3064              2472                469
iPS.4               561               891              2295              2811                526
iPS.5               695               947              1543              2555                522
      ENSG00000113916.13 ENSG00000125084.7 ENSG00000089116.2 ENSG00000165072.9 ENSG00000144857.10
iPS                 2195             373.0               891              4662               2493
iPS.1               2131              79.0               489              4529               3151
iPS.2               2602             196.0              1222              5758               4711
iPS.3               1923              32.5               749              4460               3119
iPS.4               1571             250.0               717              2902               2909
iPS.5               2182              57.5              1148              2329               5189
      ENSG00000111186.8 ENSG00000148204.7 ENSG00000078018.15 ENSG00000198719.7 ENSG00000091656.11
iPS                 804              1756               4881               753                795
iPS.1               567              1894               4578               734                744
iPS.2               491              2170               3276               819                577
iPS.3               632              1810               3171              1283               1047
iPS.4               567              1646               3924               703                631
iPS.5               601              2169               3633              1265                757
      ENSG00000003436.10 ENSG00000104490.13 ENSG00000069188.12 ENSG00000165655.14 ENSG00000188042.5
iPS                 2267               1709               2072                217              4367
iPS.1               2580               1617               1871                 79              4495
iPS.2               5011               1333               2029                344              5754
iPS.3               3123               3908               1994                184              5048
iPS.4                927               1559               1916                283              4940
iPS.5               1109               1775               3193                383              4421
      ENSG00000243696.3 ENSG00000136960.8 ENSG00000085117.7 ENSG00000170370.10 ENSG00000145721.7
iPS                 998              2151              4172                206               663
iPS.1               599              2300              3364                301               791
iPS.2              1181              2528              6195                207               643
iPS.3              1519              1846              6116                168               403
iPS.4               545              1741              3895                233               498
iPS.5              1176              1403              5046                320               671
      ENSG00000091592.11 ENSG00000135333.9 ENSG00000250510.2 ENSG00000105370.3 ENSG00000167434.5
iPS                 3974              1535              4336              75.0              1843
iPS.1               4431              1550              3125              79.0              1794
iPS.2               5178              1669              6335             911.0              1257
iPS.3               5393              1535              6588              32.5              1611
iPS.4               3764              1638              3658              49.5              1841
iPS.5               4032              1706              3127             313.0              1088
      ENSG00000061918.8 ENSG00000162761.10 ENSG00000066032.13 ENSG00000166450.7 ENSG00000146197.7
iPS                1166              279.0               2727              2015               782
iPS.1              1728              313.0               3981              1686               713
iPS.2               839              260.0               2780              2456               691
iPS.3               868              345.0               2876              1357               588
iPS.4              1575               49.5               3221              1376               638
iPS.5              1369              173.0               3373              2494               690
      ENSG00000064309.10 ENSG00000198732.6 ENSG00000197921.5 ENSG00000144834.8 ENSG00000107796.8
iPS                 5832              1508                75              2868              3138
iPS.1               5027              1499                79              2443              4212
iPS.2               4897              1031               487              2749              3201
iPS.3               4741               885               149              2608              1983
iPS.4               5086              2155               239              3175              4096
iPS.5               5282               902               501              2979              2684
      ENSG00000173401.5 ENSG00000117091.5 ENSG00000158825.5 ENSG00000133636.6 ENSG00000149256.10
iPS                 573               185              1824              6075                856
iPS.1               587               391              1267              5281               1668
iPS.2              2280               238              3014              5057                946
iPS.3              1854               315              4910              5636               4975
iPS.4              4233               300              3563              5304                849
iPS.5               531               172              3565              3405               1056
      ENSG00000074211.9 ENSG00000169570.5 ENSG00000185155.7 ENSG00000184344.3 ENSG00000161281.6
iPS                3004              3009              1593              4930              6116
iPS.1              2568              2948              1722              4604               404
iPS.2              1705              3480              1280              4194              6541
iPS.3              1765              3243              1089              4393              2454
iPS.4              2056              2877               627              2578              1448
iPS.5              2781              1842              1074              3083              2263
      ENSG00000145642.7 ENSG00000163508.8 ENSG00000124507.6 ENSG00000104371.4 ENSG00000105825.7
iPS                4509               629              3048             323.0              5830
iPS.1              3943               790              2659             374.0              5732
iPS.2              4617               665              2549             143.0              8008
iPS.3              4971               812              2957             298.0              5171
iPS.4              3319               296              2626              49.5              5792
iPS.5              3541               681              2902             307.0              5121
      ENSG00000243709.1 ENSG00000156574.5 ENSG00000158815.6 ENSG00000049130.9 ENSG00000105974.7
iPS                4060              3995               370              3912              7664
iPS.1              4218              4419                79              3260              6627
iPS.2              5704              4734               910              4317              7108
iPS.3              6219              5568              2706              3287              4075
iPS.4              1146              1382               163              4112              3882
iPS.5              1250              1763               954              2447              2186
      ENSG00000163378.9 ENSG00000141404.10 ENSG00000154035.6 ENSG00000165731.13 ENSG00000145864.8
iPS                6383             5544.0              2138               2091               303
iPS.1              7107             5658.5              2199               2207               346
iPS.2              7037             5862.0              2555               3531               353
iPS.3              6051             5925.0              3057               3380               376
iPS.4              2833             4737.0              2446               2485               276
iPS.5              3323             5762.0              3295               3305               332
      ENSG00000197459.2 ENSG00000104327.3 ENSG00000156049.6 ENSG00000158473.6 ENSG00000087085.9
iPS                4544              6244              3226               490              1012
iPS.1              6825              6273              2632               618              1586
iPS.2              5949              7497              3539               582               997
iPS.3              6437              6589              4092               671              1112
iPS.4              5182              5256              1371               838              1209
iPS.5              6253              4604              2458               770              1009
      ENSG00000164483.12 ENSG00000095596.7 ENSG00000132003.5 ENSG00000107984.5 ENSG00000152256.8
iPS                 1690              1911              5174               889              5224
iPS.1               2298              1238              6565               523              4214
iPS.2               3083              2674              5726              1366              4157
iPS.3               1120              4094              6252               587              4999
iPS.4               1245              1810              5625               730              8617
iPS.5               1080              4375              6006               783              5679
      ENSG00000133937.3 ENSG00000114450.5 ENSG00000204335.3 ENSG00000173281.4 ENSG00000129682.9
iPS                75.0            5870.5               582              7110              7905
iPS.1              79.0            5413.0               739              6719              7950
iPS.2             354.0            5455.0               591              8253              8014
iPS.3             899.0            5592.0               827              7952              7765
iPS.4              49.5            5840.0               344              7458              7986
iPS.5             263.0            5677.0               277              7834              7618
      ENSG00000128683.8 ENSG00000147869.4 ENSG00000185274.7 ENSG00000123473.11 ENSG00000198910.8
iPS                1029              2362              6707               7232              7125
iPS.1               569              2643              6616               6852              6016
iPS.2               953              5330              6458               7010              4593
iPS.3               388              7281              7143               6173              5567
iPS.4              1100               771              6311               6654              6287
iPS.5               483              3595              7344               5829              6066
      ENSG00000170190.11 ENSG00000170542.5 ENSG00000114698.10 ENSG00000164736.5 ENSG00000173406.11
iPS                 4061              7039               1033                75               5064
iPS.1               3931              6961               1175               310               3690
iPS.2               6029             10788               1664               642               2057
iPS.3               5463             10790               1008               774               2162
iPS.4               3363              7694                784               170               2967
iPS.5               5903              7846                764               569               2166
      ENSG00000022556.11 ENSG00000133424.15 ENSG00000206532.2 ENSG00000205358.3 ENSG00000198417.5
iPS                12299               9357               579             11402              9090
iPS.1              12244              10064               627             11123              8891
iPS.2               9045               8799              1053             10752              8164
iPS.3               2150                526               519             11053              8964
iPS.4              12114               6458               633             12606             11403
iPS.5              12222               9805               453             11988             10543
      ENSG00000269636.1 ENSG00000169715.10 ENSG00000170561.8 ENSG00000198300.8 ENSG00000111913.11
iPS                3876              10082            8340.0              75.0               7385
iPS.1              3444              10861            8270.0              79.0               8419
iPS.2              3568              11139            9357.0             237.0               5807
iPS.3              4046              11323            9093.5              32.5               5098
iPS.4              8619              12615            8935.0             442.0               6219
iPS.5              7574              12154            9351.0              57.5               4962
      ENSG00000219438.4 ENSG00000117480.11 ENSG00000179059.5 ENSG00000134184.8 ENSG00000267303.1
iPS                5524               4959             11910            3917.0              4066
iPS.1              5790               4758             11917            2651.0              4561
iPS.2              7916               4303             11971            4329.0              1804
iPS.3              7547               5400             10776            3806.0              2806
iPS.4              4258               3328             12161             446.0              3968
iPS.5              5863               3882             12078              57.5              1101
      ENSG00000154556.13 ENSG00000188257.6 ENSG00000205246.4 ENSG00000072274.8 ENSG00000105357.11
iPS                 6709               511              8710           11892.0               4374
iPS.1               7284               888              8005           11595.0               4284
iPS.2               5074              2443              4108              49.5               5336
iPS.3               5690              2282              3360           11231.0               4373
iPS.4               9886              2654              8092              49.5               5215
iPS.5               8807              3511              6841           11012.0               6113
      ENSG00000179344.12 ENSG00000129455.11 ENSG00000147202.13 ENSG00000115339.9 ENSG00000130226.12
iPS                 5730               2499               5604              4803                289
iPS.1               4705               3818               5376              4830                171
iPS.2                914               4596               5510              6233                167
iPS.3               1842               2516               4978              6034               2555
iPS.4               6218               4501               7131              7078               1367
iPS.5               8250               7611               5573              6990                935
      ENSG00000125144.9 ENSG00000258465.1 ENSG00000127585.7 ENSG00000119684.11 ENSG00000259399.1
iPS               12187              2632              5037               5399              9946
iPS.1             12197              3711              5387               4153              9625
iPS.2             12048              8557              1877               5355              6218
iPS.3             12410              2288              4930               4644              5092
iPS.4             12815              4389              8108               5579              7718
iPS.5             12676               479              3909               6074              6076
      ENSG00000164265.4 ENSG00000072756.12 ENSG00000188803.9 ENSG00000139370.6 ENSG00000205129.4
iPS               11260             7420.0                75            7470.0            1435.0
iPS.1             11433             8118.0                79            7671.0            1776.0
iPS.2             11543             6931.5              2428            7184.0            1975.0
iPS.3             11698             7233.0              1421            7408.0            1360.5
iPS.4             10113             8094.0               109            6065.0            2116.0
iPS.5             10559             7705.0              1997            6912.5            2541.0
      ENSG00000135549.8 ENSG00000177181.9 ENSG00000161958.5 ENSG00000095932.5 ENSG00000261717.1
iPS               10518              3714              4861              3685              9095
iPS.1             10433              2657              3753              2670             10085
iPS.2             10340              3371              4126              2754             10376
iPS.3              3650              3410              4818              3268              8676
iPS.4             11789              4748              6135              5531              9479
iPS.5             11259              4703              6488              7178             10415
      ENSG00000120256.4 ENSG00000165195.9 ENSG00000131773.9 ENSG00000185527.7 ENSG00000138161.8
iPS                5605              6269             10930            3178.0              7151
iPS.1              5453              8091             10675            4014.0              6171
iPS.2              5626              7520              9564            4050.0              7014
iPS.3              5222              8826              9454            3777.0              7500
iPS.4              5502              5720              9403            3514.5              4050
iPS.5              6057              2457              8887            3300.0              5694
      ENSG00000113522.9 ENSG00000159403.11 ENSG00000152457.13 ENSG00000205364.3 ENSG00000166816.9
iPS                9066               5743               6953               680              1812
iPS.1              8839               7002               3628              1814              1457
iPS.2              8352               5555               1782               841              2716
iPS.3              8237               6874               3542              1289              3286
iPS.4              9167               4965               5285              4497              2326
iPS.5              8134               4863               2243              2416              3087
      ENSG00000148680.11 ENSG00000132297.7 ENSG00000186603.4 ENSG00000229544.6 ENSG00000260362.1
iPS                 7318              3545              8402              4137              8556
iPS.1               7105              3782              8741              4052              7896
iPS.2               8136              2052              9030              3556              5286
iPS.3               8404              3094              8192              3044              7291
iPS.4               7665              3278              8651              4794             10280
iPS.5               6648              2878              7812              3524             11520
      ENSG00000139174.6 ENSG00000215902.1 ENSG00000187140.4 ENSG00000204711.4 ENSG00000178394.3
iPS                8520              5734              3777              6835              3473
iPS.1              8509              6624              4122              7683              4410
iPS.2              8686             10339              4272              8099              2672
iPS.3              9692              8324              5630              6800              1569
iPS.4              8231              7697              5408              7872              3795
iPS.5              8480             10849              5265              5652              1856
      ENSG00000127399.10 ENSG00000184481.11 ENSG00000177108.5 ENSG00000166105.11 ENSG00000188707.4
iPS                 8499               8385              8202               7570              3005
iPS.1               8575               8194              8591               7500              3064
iPS.2               8634               7968              6671               7009              3855
iPS.3               8870               9077              7329               7917              4325
iPS.4               8636               8273              7503               7175              4820
iPS.5               9229               5933              7184               7094              3084
      ENSG00000083093.5 ENSG00000141655.11 ENSG00000221887.4 ENSG00000131844.11 ENSG00000156966.6
iPS                6903               2610              5820              10277              5881
iPS.1              8171               3401              9273              10011              6056
iPS.2              8649               3753              4030               9887              8268
iPS.3              7027               3872              5620               9610              8987
iPS.4              8296               3115              6541              10167              9002
iPS.5              5329               1779              2328              10267             10444
      ENSG00000259112.1 ENSG00000184515.6 ENSG00000114648.7 ENSG00000269404.1 ENSG00000103044.6
iPS                4540            5112.0              6108              5058              7789
iPS.1              5241            5074.0              7220              6326              8459
iPS.2              3690            4639.0              7697              5826              7209
iPS.3              4178            6234.0              6817              6628              6956
iPS.4              2646            5835.5              6292              5018              9368
iPS.5              3457            5395.0              5697              5064              8435
      ENSG00000204514.5 ENSG00000174080.6 ENSG00000092929.7 ENSG00000173673.7 ENSG00000160072.14
iPS                8691              8322              5274            7865.0               7177
iPS.1              8248              7634              6039            8046.0               6631
iPS.2              8695              8251              2114            9342.0               8197
iPS.3              8922              6687              7679            9433.0               7920
iPS.4              8783              5880              5008           10318.5               7118
iPS.5              9849              3344              2161           10504.0               7450
      ENSG00000167157.8 ENSG00000196218.7 ENSG00000183688.4 ENSG00000173175.10 ENSG00000177096.4
iPS                2006              5546              9251             6322.5              3695
iPS.1              3313              4190              9414             5754.0              3826
iPS.2              4723              4828              7034             7020.0              3964
iPS.3              4809              5136              7208             7158.0              3947
iPS.4              1438              5209              5424             5121.0              2964
iPS.5              4662              5955              5550             6208.0              3223
      ENSG00000138100.9 ENSG00000197181.7 ENSG00000147255.13 ENSG00000213906.4 ENSG00000188112.4
iPS                1669              3751               7080              1547              8686
iPS.1              2878              3530               8307              3187              8558
iPS.2              2729              4379               7204              4261              8601
iPS.3              2931              2114               7306              4329              8408
iPS.4              2405              3832               8355              1788              8315
iPS.5              1398              3585               9122              1216              8321
      ENSG00000095261.9 ENSG00000126246.5 ENSG00000256463.4 ENSG00000176371.9 ENSG00000145794.12
iPS                9958              7132              6317              7524               8226
iPS.1             10071              6192              4168              7274               8487
iPS.2             10655              5870              9913              7509               8648
iPS.3             10706              6632              7545              7939               8365
iPS.4             10203              6550              4795              8382               6873
iPS.5              8557              6892              5551              8002               7798
      ENSG00000178882.8 ENSG00000181274.5 ENSG00000164344.11 ENSG00000138744.10 ENSG00000188060.6
iPS                2817              9206               6367               4956              4416
iPS.1              2361              8863               6363               4346              4797
iPS.2              3541             10199               6999               5163              4831
iPS.3              3678              9978               6776               6743              4566
iPS.4              3170              9687               5191               4963              4756
iPS.5              3884              9223               4768               5552              3531
      ENSG00000189334.4 ENSG00000170373.4 ENSG00000118137.5 ENSG00000198336.4 ENSG00000101076.11
iPS                1392              1463               622               444              272.0
iPS.1              2209              1392               527              1121               79.0
iPS.2              1529              4530              1707               538              140.0
iPS.3              2245              2129              1252              1235              211.0
iPS.4               876               873               668              1361               49.5
iPS.5              1737               753               650               579               57.5
      ENSG00000106804.6 ENSG00000178568.9 ENSG00000166292.7 ENSG00000135111.10 ENSG00000148677.6
iPS                 332               538               602                245             743.0
iPS.1               241               494               487                256             963.0
iPS.2              1565               163               486                221            3174.0
iPS.3               381               265               641                225             958.5
iPS.4               574               797               682                251             909.0
iPS.5               347               275               470                164             620.0
      ENSG00000126218.7 ENSG00000158874.6 ENSG00000133106.10 ENSG00000127831.6 ENSG00000139329.4
iPS                1382                75                830              5731               681
iPS.1              1058              1441               1163              6776                79
iPS.2               951              1389                753              5727               695
iPS.3              1500              2498                911              4939              1145
iPS.4              1081               617                790              4580               823
iPS.5              1368               595                852              4564              2011
      ENSG00000170369.3 ENSG00000080823.17 ENSG00000147883.9 ENSG00000117834.8 ENSG00000062282.10
iPS               499.0               1569               389               486               2223
iPS.1             415.0               2201              1154               426               3173
iPS.2             700.0               1727              1682               382               2665
iPS.3             217.0               1589               242               601               1786
iPS.4              49.5               1130               542               265               1542
iPS.5              57.5                978               413               463               2730
      ENSG00000124920.9 ENSG00000147003.5 ENSG00000174827.9 ENSG00000163492.9 ENSG00000136630.11
iPS                1700               955               422              2382                187
iPS.1              2039               919               613              1920                 79
iPS.2              1810              1015               682              3074                734
iPS.3              2105               862               683              2998                555
iPS.4              1550              1535               367              1155                644
iPS.5              1937              1604               167              1065                535
      ENSG00000175206.6 ENSG00000171560.10 ENSG00000171564.7 ENSG00000184500.10 ENSG00000158764.6
iPS                 364              223.0              75.0               1621              2555
iPS.1               380               79.0              79.0               1236              2713
iPS.2               155               49.5              49.5               2601              2988
iPS.3               553              192.0             453.0               1684              3390
iPS.4               921               49.5             487.0               1874              2605
iPS.5               314              309.0            1090.0               1462              2892
      ENSG00000129538.9 ENSG00000107485.11 ENSG00000162998.4 ENSG00000174640.8 ENSG00000198796.6
iPS                 765                 75              2181               617               485
iPS.1               528                243              1986              4670               545
iPS.2              1071                777              1816               539               429
iPS.3               889                455              1933              1035               520
iPS.4               533                225              1218               614               294
iPS.5               567                615              1515              1191               529
      ENSG00000118271.5 ENSG00000065717.10 ENSG00000167608.7 ENSG00000171557.12 ENSG00000170412.12
iPS                  75               4522              1567               75.0               4777
iPS.1                79               4648              2468               79.0               5696
iPS.2               438               3903              2503               49.5               7270
iPS.3               352               3496              2911              193.0               7479
iPS.4               502               2763              2852              290.0               6579
iPS.5               867               2966              4751             1455.0               7003
      ENSG00000164619.4 ENSG00000110244.5 ENSG00000197353.3 ENSG00000214274.5 ENSG00000145192.8
iPS                1022              75.0              75.0              4669               514
iPS.1               547              79.0             484.0              2824               311
iPS.2              1362              49.5              49.5              2682               248
iPS.3               330             140.0             260.0              2854               670
iPS.4               727              49.5              49.5              2342               328
iPS.5               454              57.5             196.0              2859               352
      ENSG00000129514.4 ENSG00000152078.5 ENSG00000084674.9 ENSG00000171621.9 ENSG00000175197.5 classes
iPS               246.0               721               363              2233              2642     iPS
iPS.1             277.0               689               406              1410              2240     iPS
iPS.2             170.0              2311               315              3193              2509     iPS
iPS.3             320.0              1386               294              2677              2654     iPS
iPS.4             272.0              1521               258              1764              3377     iPS
iPS.5              57.5              2104               298              2225              2352     iPS
